3589/3589 [==============================] - 0s 53us/step
[INFO] loss=1.4627, accuracy: 44.8036%
3589/3589 [==============================] - 0s 57us/step
F1 measure: 0.43164282785950725
------------------------------
Classification report:
             precision    recall  f1-score   support

          0       0.36      0.23      0.28       467
          1       0.60      0.16      0.25        56
          2       0.34      0.23      0.27       496
          3       0.53      0.72      0.61       895
          4       0.37      0.34      0.36       653
          5       0.58      0.59      0.59       415
          6       0.38      0.44      0.40       607

avg / total       0.43      0.45      0.43      3589

------------------------------
Confusion matrix, without normalization
[[106   1  39 122  90  30  79]
 [ 13   9   3  12   9   3   7]
 [ 45   2 114  95  98  52  90]
 [ 36   1  39 644  67  24  84]
 [ 45   1  72 140 224  33 138]
 [ 17   0  31  53  29 246  39]
 [ 34   1  38 146  90  33 265]]

Normalized confusion matrix
[[0.22698073 0.00214133 0.08351178 0.26124197 0.19271949 0.06423983 0.16916488]
 [0.23214286 0.16071429 0.05357143 0.21428571 0.16071429 0.05357143 0.125     ]
 [0.09072581 0.00403226 0.22983871 0.19153226 0.19758065 0.10483871 0.18145161]
 [0.04022346 0.00111732 0.04357542 0.71955307 0.07486034 0.02681564 0.09385475]
 [0.06891271 0.00153139 0.11026034 0.2143951  0.34303216 0.05053599 0.21133231]
 [0.04096386 0.         0.0746988  0.12771084 0.06987952 0.59277108 0.0939759 ]
 [0.05601318 0.00164745 0.06260297 0.24052718 0.14827018 0.05436573 0.43657331]]
